591 447 359 530 301.7507 314.1319 1 1
622 407 666 797 276.7101 288.5836 2 1 
231 105 806 951 286.9132 308.5553 3 1
832 642 985 997 267.6192 279.0288 4 1
869 753 714 882 278.1717 287.6114 5 1
817 672 166 214 372.6643 378.7096 6 1
387 327 421 648 293.2550 304.5985 7 1
782 755 906 1102 269.8432 280.0607 8 1
387 327 422 598 292.4401 299.7866 1 2
689 544 165 392 389.0773 394.8500 2 2
896 706 922 1053 268.9505 280.5216 3 2 
622 407 729 742 275.4766 288.4183 4 2
655 511 358 554 305.5084 313.2325 5 2 
782 755 907 1094 270.9899 282.5607 6 2
591 447 282 411 319.1636 327.0346 7 2
622 407 743 912 275.3343 290.5461 8 2
912 722 922 1053 271.2588 281.9615 1 3
620 407 729 742 273.2741 284.9968 2 3
655 511 354 550 303.9863 312.2555 3 3
591 447 358 554 301.7560 309.8507 4 3
655 511 358 490 303.4820 313.4081 5 3
655 511 486 682 288.4122 298.2389 6 3
704 514 985 997 267.2109 278.6899 7 3
832 642 984 996 268.5146 280.4159 8 3
655 511 410 541 297.0500 307.0379 1 4
912 722 486 554 291.3532 301.6483 2 4
591 447 345 350 304.4669 312.6095 3 4
620 407 743 939 275.1481 285.9184 4 4
702 514 985 997 268.0951 280.3395 5 4
832 642 984 1028 269.6915 282.8698 6 4
620 407 729 806 274.6724 286.9256 7 4
832 642 968 980 269.1884 280.5993 8 4
1167 1023 985 997 268.8333 279.7467 1 5
768 514 410 541 297.9961 307.9201 2 5
912 722 968 980 269.6367 280.0289 3 5
864 674 998 1066 266.6290 279.1165 4 5
627 405 984 1028 268.5073 279.5078 5 5
819 642 743 939 275.6950 286.4530 6 5
912 722 484 561 290.8224 299.4771 7 5
620 407 730 799 275.2531 287.0083 8 5
371 149 985 997 276.1374 287.1633 1 6
712 522 984 1028 267.6958 277.7103 2 6  
704 514 987 1183 269.7971 283.3873 3 6
819 642 741 753 274.8606 284.5367 4 6
912 722 985 997 270.7276 281.2407 5 6
704 514 968 980 269.7449 282.2149 6 6
819 642 736 813 275.6090 286.3064 7 6
910 720 487 683 290.6796 300.6370 8 6
819 642 736 813 275.3631 285.3593 1 7
912 722 985 997 268.9128 281.1708 2 7
712 522 968 1012 269.6009 279.9970 3 7
712 522 984 996 268.8873 280.8234 4 7
819 642 736 809 275.8699 285.6402 5 7
819 642 709 721 276.2284 289.3191 6 7
818 642 741 753 276.1265 288.2969 7 7
819 642 613 625 280.5037 290.9983 8 7
910 722 992 1065 268.2447 279.9333 1 8
691 642 729 741 276.2092 287.6640 2 8
819 643 741 753 275.8139 288.6959 3 8
712 522 985 997 268.2943 280.7917 4 8
712 522 984 1024 268.1939 279.4323 5 8
776 586 968 1012 268.6648 279.5497 6 8
912 722 976 1052 268.9671 281.6842 7 8
835 658 745 757 276.2318 287.7658 8 8
712 522 986 1030 267.1085 280.1442 1 9
912 722 976 1040 269.1971 281.3950 2 9
712 522 985 1029 268.1437 278.8486 3 9
710 520 985 997 267.7330 278.8431 4 9
716 526 985 997 267.0935 279.2233 5 9
712 522 728 772 275.8824 287.7123 6 9
912 722 912 988 270.2024 281.6506 7 9
912 722 976 1180 268.0720 278.2481 8 9